137
[  1.13793578e+02,   9.57301375e-02,   1.35385107e+02,  -1.58374821e+01, 1.46065754e+00]

137
[  1.37085504e+02   3.48033723e-12   1.36999984e+02  -3.04856710e+01
   5.64356818e-03]

137
[  1.36814192e+02   3.94413204e-12   1.36999297e+02  -3.07604557e+01
   4.93733682e-03]

137
[  1.37084391e+02   3.48213804e-12   1.36999981e+02  -3.06040797e+01
   4.14404670e-03]

137
[  1.37079883e+02   3.48944786e-12   1.36999970e+02  -3.04871649e+01
   6.51448182e-03]

137
[  1.37087163e+02   3.47765349e-12   1.36999988e+02  -3.06212987e+01
   5.00817948e-03]



